4294967279,120
4294967279,119
4294967279,118
4294967279,117
4294967279,116
4294967279,115
4294967279,114
4294967279,113
4294967279,112
4294967279,252
4294967279,251
4294967278,385
4294967279,121
4294967278,17
4294967278,16
4294967278,15
4294967278,14
4294967278,13
4294967278,12
4294967278,11
4294967278,10
4294967278,9
4294967278,8
4294967278,7
4294967278,6
4294967278,5
4294967278,4
4294967279,132
4294967279,131
4294967279,130
4294967279,129
4294967279,128
4294967279,127
4294967279,126
4294967279,125
4294967279,124
4294967279,123
4294967279,122
4294967278,244
4294967278,239
4294967278,235
4294967278,233
4294967278,132
4294967278,129
4294967278,127
4294967278,125
4294967278,123
4294967278,122
4294967278,243
4294967278,117
4294967278,115
4294967278,112
4294967278,111
4294967278,104
4294967278,100
4294967278,90
4294967278,89
4294967278,83
4294967278,79
4294967278,77
4294967278,76
4294967278,66
4294967278,63
4294967278,60
4294967278,53
4294967278,49
4294967278,45
4294967278,43
4294967278,38
4294967278,37
4294967278,36
4294967278,35
4294967278,34
4294967278,33
4294967278,32
4294967278,31
4294967278,30
4294967278,29
4294967278,28
4294967278,27
4294967278,26
4294967278,137
4294967278,25
4294967278,24
4294967278,275
4294967278,23
4294967278,22
4294967278,274
4294967278,21
4294967278,20
4294967278,19
4294967278,18
4294967278,174
4294967278,260
4294967279,260
4294967279,278
4294967279,25
4294967279,277
4294967279,24
4294967279,23
4294967279,21
4294967279,19
4294967279,18
4294967279,289
4294967279,17
4294967279,16
4294967279,15
4294967279,13
4294967279,12
4294967279,11
4294967279,10
4294967279,8
4294967279,261
4294967279,6
4294967279,5
4294967279,4
4294967278,106
4294967278,223
4294967278,101
4294967278,210
4294967278,209
4294967278,95
4294967278,93
4294967278,204
4294967278,384
4294967278,86
4294967278,198
4294967278,81
4294967278,192
4294967278,71
4294967278,69
4294967278,181
4294967278,65
4294967278,176
59,6
59,5
4294967278,175
59,4
59,3
59,2
59,1
4294967278,58
4294967278,169
4294967278,168
4294967278,56
4294967278,167
4294967278,54
4294967279,447
4294967278,52
4294967278,163
4294967278,162
4294967278,47
4294967278,157
4294967278,156
4294967279,446
4294967278,41
4294967278,153
4294967278,152
57,6
57,5
57,4
57,3
57,2
57,1
4294967294,396
4294967294,395
4294967294,399
4294967294,421
4294967294,178
4294967294,385
4294967294,398
4294967294,406
4294967294,415
4294967294,599
4294967294,1083
4294967294,167
4294967294,183
4294967294,457
4294967294,180
4294967294,160
4294967294,459
4294967294,118
4294967278,383
4294967279,445
4294967278,382
4294967278,381
4294967294,37
4294967294,29
4294967294,1086
4294967294,39
4294967279,22
4294967279,20
4294967294,44
55,5
4294967279,272
55,4
55,3
55,2
55,1
4294967294,40
4294967294,42
4294967294,43
4294967294,76
4294967294,417
4294967294,51
4294967294,190
4294967294,173
4294967294,1159
4294967294,1069
4294967294,422
4294967294,161
4294967294,53
4294967294,387
4294967279,14
4294967279,288
4294967294,82
4294967279,268
4294967294,87
4294967294,85
4294967294,84
4294967279,266
4294967279,286
4294967279,265
4294967279,444
4294967279,9
4294967294,91
4294967294,88
4294967278,380
4294967279,7
4294967279,284
4294967279,259
4294967278,121
4294967294,392
4294967294,390
4294967294,120
4294967278,379
4294967278,378
4294967278,131
4294967278,130
4294967278,377
4294967278,128
4294967278,126
4294967278,255
4294967279,443
4294967279,442
4294967278,124
4294967278,250
53,6
4294967278,253
53,5
53,4
4294967278,252
53,3
53,2
53,1
4294967278,251
4294967278,120
4294967278,249
4294967278,110
4294967279,441
4294967278,119
4294967278,247
4294967278,118
4294967278,245
4294967278,242
4294967278,116
4294967278,240
4294967278,241
4294967278,238
4294967279,440
4294967279,0
4294967294,1163
4294967278,114
4294967278,376
4294967278,113
4294967278,236
4294967278,230
4294967278,234
4294967278,232
4294967278,231
4294967278,109
4294967278,229
4294967278,99
4294967278,108
4294967278,227
4294967278,107
4294967278,225
4294967278,222
4294967278,105
4294967278,220
4294967278,221
4294967278,218
4294967278,103
4294967278,217
4294967278,102
4294967278,215
4294967278,211
4294967278,213
51,5
51,4
4294967278,212
51,3
51,2
51,1
4294967278,98
4294967278,87
4294967278,97
4294967279,439
4294967278,375
4294967278,96
4294967278,207
4294967279,438
4294967278,94
4294967278,206
4294967278,205
4294967279,437
4294967278,374
4294967278,92
4294967278,373
4294967278,91
4294967278,203
4294967279,436
4294967278,200
4294967278,202
4294967278,201
4294967279,435
4294967278,75
4294967278,372
4294967278,85
4294967278,197
4294967278,371
4294967278,84
4294967279,434
4294967278,196
4294967294,388
4294967278,195
4294967278,370
4294967278,82
4294967278,194
4294967278,369
4294967278,80
4294967278,368
4294967278,78
4294967278,188
49,6
4294967278,190
49,5
49,4
4294967278,189
49,3
49,2
49,1
4294967278,367
4294967278,74
4294967278,64
4294967278,73
4294967279,433
4294967278,366
4294967278,72
4294967278,184
4294967294,1074
4294967294,1
4294967294,1081
4294967294,170
4294967294,46
4294967278,70
4294967278,183
4294967278,182
4294967279,432
4294967278,365
4294967278,68
4294967278,364
4294967278,67
4294967278,180
4294967279,431
4294967278,177
4294967278,179
4294967278,178
4294967279,430
4294967278,62
4294967278,173
4294967278,363
4294967278,61
4294967279,429
4294967278,172
4294967278,171
4294967278,362
4294967278,59
4294967278,170
4294967278,361
4294967278,57
4294967279,428
4294967279,427
4294967278,360
4294967278,55
47,5
4294967278,166
47,4
47,3
47,2
47,1
4294967278,165
4294967279,426
4294967278,359
4294967278,51
4294967278,50
4294967278,161
4294967278,48
4294967278,160
4294967279,425
4294967278,159
4294967278,358
4294967278,46
4294967279,424
4294967278,357
4294967278,44
4294967294,89
4294967278,154
4294967278,155
4294967278,356
4294967278,42
4294967278,40
4294967278,39
